0.000000000000000000e+00 2.500623837113380432e-02
5.000000000000000278e-02 6.964133597790764796e-01
1.000000000000000056e-01 1.048442521055061638e+00
1.500000000000000222e-01 1.048415950673775576e+00
2.000000000000000111e-01 1.064512020474154497e+00
2.500000000000000000e-01 1.404616832733154297e+00
3.000000000000000444e-01 1.106986901288706804e+00
3.500000000000000333e-01 9.997890658556984889e-01
4.000000000000000222e-01 7.051846542552303587e-01
4.500000000000000111e-01 5.078817374884652125e-01
5.000000000000000000e-01 1.498935669660569348e-01
5.500000000000000444e-01 -5.868177785273093194e-02
6.000000000000000888e-01 -3.705664807155919505e-01
6.500000000000000222e-01 -7.637830741583869765e-01
7.000000000000000666e-01 -8.950001844520157901e-01
7.500000000000000000e-01 -5.662420392036437988e-01
8.000000000000000444e-01 -4.522389532382078414e-01
8.500000000000000888e-01 -7.053346924364132242e-01
9.000000000000000222e-01 -1.181865119531941843e-01
9.500000000000000666e-01 -1.791564293086100323e-01
